50 74
6 29 2
6 13 2
8 43 10
44 8 5
14 24 7
14 32 12
14 10 23
1 32 7
1 2 10
23 2 9
23 16 9
16 26 4
26 5 5
1 5 14
1 50 12
24 15 5
50 11 7
50 5 8
16 9 9
9 22 10
27 39 10
7 28 10
5 12 6
15 49 3
36 4 8
4 49 15
4 11 12
4 29 7
43 34 20
30 34 12
34 42 10
13 7 12
25 40 19
41 25 20
40 3 3
40 12 14
12 9 10
16 38 13
38 22 8
22 27 4
27 9 7
12 27 5
27 28 2
3 28 5
28 10 7
10 39 6
41 13 25
36 29 2
34 29 10
30 43 17
20 30 4
44 35 3
35 21 22
35 18 10
48 17 12
17 31 13
33 19 24
21 37 4
45 37 10
35 45 5
44 46 4
45 47 12
47 37 7
21 33 27
18 48 9
48 7 4
13 42 3
20 42 10
7 18 8
11 40 10
20 35 17
17 19 14
33 37 2
45 46 4
20 40 33 50
1
2
3
4
5
6
7
8
9
10
11
12
13
14
15
16
17
18
19
20
21
22
23
24
25
26
27
28
29
30
31
32
33
34
35
36
37
38
39
40
41
42
43
44
45
46
47
48
49
50
